196758.537370113
200448.768465318
204047.578676464
207554.689196067
210969.849700600
214292.838310644
217523.461543337
220661.554257164
223706.979589109
226659.628884205
229519.421617511
232286.305308558
234960.255428294
237541.275298576
240029.395984241
242424.676177803
244727.202076826
246937.087254008
249054.472520035
251079.525779251
253012.441878193
254853.442447056
256602.775734124
258260.716433248
259827.565504407
261303.649987432
262689.322808942
263984.962582566
265190.973402501
266307.784630502
267335.850676336
268275.650771800
269127.688738368
269892.492748525
270570.615080889
271162.631869176
271669.142845094
272090.771075256
272428.162692171
272681.986619414
272852.934291058
272941.719365435
272949.077433343
272875.765720754
272722.562786140
272490.268212492
272179.702294128
271791.705718382
271327.139242277
270786.883364259
270171.837991111
269482.922100127
268721.073396656
267887.247967109
266982.419927537
266007.581067878
264963.740491972
263851.924253462
262673.174987665
261428.551539548
260119.128587881
258745.996265707
257310.259777220
255813.039011158
254255.468150838
252638.695280931
250963.881991082
249232.202976514
247444.845635697
245603.009665223
243707.906651979
241760.759662753
239762.802831374
237715.280943510
235619.449019234
233476.571893485
231287.923794530
229054.787920553
226778.456014489
224460.227937216
222101.411239224
219703.320730896
217267.278051492
214794.611236984
212286.654286846
209744.746729917
207170.233189473
204564.462947609
201928.789509067
199264.570164620
196573.165554136
193855.939229448
191114.257217136
188349.487581358
185562.999986841
182756.165262147
179930.354963349
177086.940938222
174227.294891075
171352.787948342
168464.790225054
165564.670392301
162653.795245817
159733.529275786
156805.234238009
153870.268726531
150929.987747850
147985.742296828
145038.878934413
142090.739367293
139142.660029588
136195.971666703
133251.998921445
130312.059922533
127377.465875582
124449.520656709
121529.520408846
118618.753140869
115718.498329673
112830.026525272
109954.598959053
107093.467155280
104247.872545953
101419.046089126
98608.2078907915
95816.5668304304
93045.3201903221
90295.6532887268
87568.7391170293
84865.7379809455
82187.7971458880
79536.0504865852
76911.6181410489
74315.6061689836
71749.1062147279
69213.1951748203
66708.9348702769
64237.3717236706
61799.5364410969
59396.4436991124
57029.0918367305
54698.4625525548
52405.5206071341
50151.2135306165
47936.4713357814
45762.2062365276
43629.3123718910
41538.6655356659
39491.1229117047
