15.5536592464
14.1229411616
19.4852105638
19.5046364506
15.0281334912
18.3893183084
17.8750558132
12.9849525067
11.6027636957
19.49797811
15.3174939306
12.3104260885
19.5125245523
19.5125082914
19.4967576935
19.5125245523
17.9411937108
15.6095093388
17.8207021191
13.0512340432
17.8289444064
11.018174816
19.4876695138
16.274297733
16.1530487555
19.4660896557
19.4226232313
13.7998233126
19.5113014638
19.4731773069
19.5046364506
19.5046364506
15.3098347159
19.4743933993
18.3536305801
13.5973413408
17.6582395367
14.2920531004
19.4531281029
18.1729470473
13.5988858066
15.2615179055
15.6633690751
11.5321843555
13.2322369881
14.9149252968
19.5034148115
18.0771794309
