average
17.1056138442
17.3030260138
17.4270906566
17.491890748
17.5715058475
17.6436827601
17.7208591604
17.7985711592
17.8611371302
17.9549864722
18.0015911367
18.0301923074
18.0952100809
18.1130528618
18.1428713244
18.1721438496
18.2067363259
18.2498511368
18.2791440295
18.3190900892
18.3572174785
18.3903910168
minimum
15.9677513338
16.153539543
16.0363484206
16.2494835117
16.3330022236
16.443644352
16.3075463603
16.5195879638
16.6383723651
16.8445376786
16.7103623552
16.3423473861
16.7705943703
16.8288667487
16.5391494485
16.5368973177
16.7574358581
16.4751873466
16.2550502058
16.4405485993
16.9003204076
16.9456347265
maximum
18.2874389977
18.2938075323
18.2938075323
18.6351124509
18.7518736839
18.7518736839
18.7518736839
18.7969322078
18.7969322078
18.7969322078
18.8520052034
18.9958443018
18.9958443018
18.9958443018
19.0196889179
19.0196889179
19.0196889179
19.0269548039
19.0269548039
19.0269548039
19.102136726
19.1300431364
