0.788445373407
0.87305836663
0.821621281813
0.896053631993
0.934064214681
0.802283334654
0.828149362783
0.81611044764
0.846729057091
0.847703754172
0.82669318336
0.82972447783
0.845856923456
0.89146456619
0.791058894886
0.813783052721
0.916029669527
0.948336893156
0.868665760396
0.854976282272
0.814684327844
0.798744221956
0.885425029678
0.892279387095
0.772676748431
0.806074870405
0.841090060772
0.804444117533
0.883220803661
0.854053184948
0.812102252636
0.834508251186
0.853203729559
0.823599206325
0.858356595919
0.805690729797
0.855344586902
0.88018720262
0.810926699914
0.937182090391
0.803997462572
0.845097538122
0.862613532938
0.804666136958
0.805707285568
0.926016212752
0.871417089876
0.85713951409
0.868032083889
0.857867885302
0.819897341416
0.858450875569
0.838995971239
0.812725136297
0.804720179538
0.841915123604
0.840601209899
0.88352331119
0.859204028768
0.892764989098
0.778808472933
0.837282290799
0.808861473582
0.787755098852
0.932167459546
0.880290056495
0.820798007298
0.826800778414
0.912548085751
0.77252500907
0.898567784667
0.902069365864
0.830878334334
0.895394840587
0.864047422723
0.824947656768
0.858461916591
0.858296704226
0.866391484535
0.931313897181
0.917711513634
0.927052317996
0.879859070252
0.845496206536
0.84159736087
0.885200662755
0.906601512789
0.808667903189
0.853745182403
0.858909205722
0.86934982379
0.847974129088
0.872380726123
0.872345077228
0.838522736926
0.852344277181
0.903356129891
0.96377528885
0.90254975985
0.854330224366
0.842965795472
0.939458155176
0.897110175481
0.858602552685
0.880438724836
0.854133694798
0.894474011823
0.976970886679
0.84141944188
0.902134728373
0.892241630693
0.852794773034
0.947644422024
0.932865897066
0.828875029447
0.826478567971
0.943135980037
0.859631042419
0.902967136146
0.869775987519
0.886134270944
0.838767974009
0.903132339221
0.931201217691
0.893415143723
0.88832675887
0.831406689978
0.926991632298
0.860155860623
0.933784984219
0.891987588109
0.924368412936
0.903563983473
0.952956272331
0.846077421693
0.912230673249
0.922899348448
0.917231980404
0.853692727128
0.973636772848
0.952665243495
0.87090232975
0.873191021281
0.926977523245
0.950422660259
0.879260540759
0.944991043668
0.863953401233
0.894035679874
0.933234789074
0.907833629256
0.904647226598
0.92683718698
0.903148295538
0.968805865146
0.840625895564
0.91047654475
0.865868854481
0.856746835606
0.951796983499
0.920878823206
0.938260137269
0.927332503695
0.908144791925
0.96027181346
0.924160809266
0.902397686759
0.868238879553
0.882568737113
0.912513144096
0.933591854509
0.915659811721
0.877031947601
0.896485243674
0.911692799819
0.929582959171
0.964235683503
0.877739249427
0.954152742505
0.92775773726
1.07099164719
0.83827351984
0.882770149831
0.993609918645
0.880764400443
0.880526051684
0.923101125627
0.950799558977
0.927931961895
0.952186401795
0.92980777613
0.916270583246
0.932758402733
0.951919519744
0.9839913584
0.915062760307
0.941827771586
0.946339989269
0.967627596749
0.885456322772
0.972992957224
0.898998038216
0.913771814819
0.973669879345
0.948598395519
0.953524464905
1.02377984619
0.855925480093
0.911436575869
0.981296009185
0.913355899153
0.961985120089
0.931391154298
0.951911063253
0.955979847505
0.953833858759
0.951970595049
0.903055365903
0.923851627017
0.911751165159
0.927749201325
0.936746320717
0.976991874522
1.05413008519
0.94019869024
0.955631892564
0.893870069317
1.00595895752
1.03908601776
0.965152906484
0.988260530979
0.950829512128
0.954024610424
0.969304786153
0.948435765552
0.915663238573
0.975741963902
0.919576360802
1.00391876862
0.948361686752
0.969811277633
0.915837223763
0.985361857042
0.944629272472
0.992123079827
0.896125010094
0.951806865443
0.955196198716
0.964068761922
1.06982170171
0.955595359518
0.941821663498
0.914441149039
1.00774681631
1.02533972688
0.916536692595
0.963014469837
0.919060343516
1.03283453408
1.07088802115
0.946366230485
0.98518706529
0.972500101458
1.01232920897
0.952342605427
0.954768060443
0.973918378787
1.0094002586
1.00287032242
0.967326648555
1.00400113809
0.958206902329
0.980942666272
0.927929108911
1.03411828542
1.00513576341
0.974735673547
0.939658550182
0.94658858506
0.992043029471
0.995452777435
0.927975459466
0.948205937507
0.931505983547
0.999279938584
0.968167441902
1.02705001673
0.919703770577
0.972944891698
0.965257082454
0.98037709899
0.995220499712
0.969490785193
1.0332123777
1.0014947244
1.03801122716
0.943595624806
1.00775808955
0.915281194933
1.00507739134
0.932921516372
0.999761096129
1.07412293975
0.916030590101
0.990627431286
1.11364176926
0.917338546977
1.08561642423
0.980940286704
0.995665961237
0.990128765285
0.983493630291
0.970441037015
0.994150735504
0.954542826278
0.975754573148
1.0447648977
0.926713158651
1.05517135703
1.04403374192
1.05401988655
1.05403985733
1.07833109129
1.01840921563
1.05259046988
1.08268579068
1.05413008519
1.05442481583
1.05144618693
1.05431852119
1.04333280934
1.05431919325
1.02140736456
1.00824517264
1.05143647761
1.03884981462
1.05101647042
1.03984401968
1.05432810332
1.08210397872
1.05401988655
1.09206999554
1.02276111273
1.01825253573
1.05401988655
1.05401988655
1.0186739273
1.01863817519
1.05443643931
1.03300320839
1.0865666496
1.00993906546
1.0157588352
1.00813140791
0.989291783827
1.06530848409
1.04705860307
1.01255703709
1.0237861772
1.05237305388
0.986247049092
1.020309658
0.989130802167
1.04448352937
1.06536764027
1.07428286531
1.10061500592
1.01054485756
1.07161432711
1.06230610103
1.00048313551
1.05631014915
1.02987756042
1.05397447445
0.96109975059
0.997884860946
1.01991099785
1.01035989899
1.03111086407
1.0079393652
1.00424247579
0.999741613797
0.978311135735
1.02443176204
1.01747208034
1.01424994131
1.04568286239
1.05559601434
1.07170912279
1.0428673541
1.0015997373
1.1203005104
0.969412425181
1.08249620721
0.97377282007
1.04482934205
1.04106525615
1.00667349207
1.03660856705
1.01281083549
1.03180706779
1.02106674232
1.03633014757
1.04290925408
1.09422692262
1.0884476403
1.07565216655
1.01262488717
1.08378103091
0.980456386669
1.01958320014
1.07376544971
1.08194184095
1.0445143429
1.05254026456
1.00329872545
1.05537654472
1.06209286105
1.04483035168
1.02003356263
1.05299519982
1.05403985733
1.03734319502
1.03845212278
1.07751600349
0.998180060149
1.08780770032
1.01879553116
1.0542011815
0.98670117972
1.04674850657
1.0443681013
0.99288505331
1.05103937485
1.02410862228
1.09173853967
1.00574808838
0.980453559421
1.07990490199
1.0221337285
1.01819335947
1.00687319601
1.05554367581
1.05447089457
1.01649619371
1.054545449
1.01145811527
1.01123893304
1.05290039138
1.02072592949
1.05694503886
1.04219462182
1.03686386239
1.036844315
1.08822740131
1.02066842457
1.00703015643
1.04406308658
1.05689200785
1.03427260088
0.968317438704
1.01804488802
1.02469427041
1.0535722657
1.09960696653
0.984197601108
1.05320683889
1.04374267905
1.03086273662
1.05347597876
1.05068196794
0.995655075452
1.0622575647
1.01281083549
1.05629216561
0.979581045328
1.05533203658
0.980194354979
1.00637668259
1.00798155054
1.00598587987
1.01447589661
1.04845779978
1.04778807575
1.01407496652
1.04753448337
1.04647724884
1.04852327425
1.0495962109
1.04813211893
1.07507567102
1.01519356373
1.03599790204
1.0501016362
1.04720804057
1.04777709061
1.01983934531
1.0207147163
1.03503212676
1.01025379411
1.05192933409
1.04788209823
1.05086885185
1.0682707121
1.01025379411
1.01983934531
1.0170012734
1.05024793263
1.04947091122
1.0207147163
1.0501016362
1.0077115944
1.03583478234
1.01807603587
1.02202009469
1.05159657247
1.05156688936
0.980487649056
0.990089417478
1.03182079131
1.00736290161
1.07939238884
1.01432319279
0.97604360865
1.09748371442
1.01695177246
1.00036779882
1.03811030197
1.05484135452
1.03598563714
1.04947091122
1.05445722405
1.05244362878
1.02367436627
1.05414146728
1.05136626069
1.04708394618
1.04376613318
1.05707837781
1.01954407911
1.00790592297
1.050785495
1.074264485
1.04756507153
1.04817251076
1.05526123731
1.04823468819
1.04820415135
1.01560504687
1.04889154475
1.05233459707
1.08111118627
1.01703311603
1.09398191125
1.05252514263
1.04981506998
1.09863118719
1.08337791723
1.03068801731
1.02508667136
1.0048860307
1.01404463893
1.05574372198
1.01075652641
1.01864316575
1.0535327007
1.01961853486
1.01264867183
1.04438354194
1.01094519158
1.05529576569
1.00388235322
0.984162515348
1.01508599419
1.0167988322
0.996892345959
1.02296007466
1.07170642746
1.0501016362
1.05005082173
1.01900981198
0.998465963892
0.996113042033
1.05355730538
1.05114714328
1.05120621674
1.04513006987
1.05847549335
1.05526123731
1.04817251076
1.04344375384
1.02277470909
1.03848017232
1.0502811683
1.02105459333
1.05136339622
1.00843514446
1.07063317394
1.02379864886
1.04823015169
1.0154654821
1.05436886744
1.05799069937
0.989475764735
1.04724775705
1.05466448841
1.02295123584
1.02058825532
1.05718710564
1.04909423226
1.05129553224
1.0229155053
1.01848200286
1.03460200483
1.09279414564
1.02191871157
1.0541939612
1.04815660608
1.04574935511
1.05024793263
1.09143896892
1.01876772455
0.998468133334
1.02521420191
1.04865562936
1.03992664793
1.05193755438
1.04857758035
1.04785854158
1.05271190628
1.00659378391
1.016521766
1.04978456576
1.01808006403
1.02206659472
1.00698582487
1.11663314244
1.08431302919
1.05118921956
1.01651571699
1.05846106068
1.02436665028
1.05567072827
1.04861286486
1.04817251076
1.05526123731
1.04770470418
1.01739177285
1.04362991211
1.0501016362
1.04792327633
0.983800726913
1.01951376152
1.04961050961
1.01602524312
1.01032258686
1.0474406134
1.05156456899
1.0493281878
1.05119767645
1.02246839755
0.992716226517
1.05125219904
1.02244573121
1.04461768429
1.02070163439
1.05105869983
1.01588368672
1.04972255656
1.07500339736
0.987481889912
1.0165072975
1.04969835566
1.04833071453
1.04868663093
1.01413726262
1.04529723056
1.04577486286
1.05083772703
1.0493165376
0.995512039507
0.991056309109
1.02781191569
1.04873669171
1.0499338663
1.05151412136
1.01795362392
1.09567799807
1.01666341816
1.01242693942
1.01619906817
1.07690663523
1.04923392863
1.02174922548
1.05119150364
1.05939322777
1.04791164855
1.07411258958
1.0484684655
1.0496873097
1.05079086224
1.04269702513
1.03601724906
1.09023031583
