-9.30730202722
-0.365226233767
-5.90612497109
2.23070393717
5.77158156186
-7.78881944891
-5.08877445784
-6.32541815563
-3.9211322073
-2.63713212081
-5.45330577825
-4.93881325807
-2.96956579159
2.15241782507
-9.01265823068
-6.50749444304
4.05996686317
7.58791602302
-0.456635722845
-3.03189186792
-6.61219227929
-8.88255938929
0.513571798671
2.12216215968
-11.0769994917
-7.3212384888
-3.32516189064
-7.5374234487
0.64211383754
-2.81620758827
-6.60267171595
-4.67651787892
-3.63516286506
-5.38856483436
-1.62396962406
-7.51438585503
-1.84087752718
0.00500341628315
-6.95438262457
6.31100752845
-7.73087839232
-3.37124284312
-1.13565719638
-7.72209090534
-7.65441071369
5.85060639349
-0.929318781701
-1.82541106723
-1.33443881072
-1.5418544424
-5.69535840191
-1.72559989728
-4.51229266902
-6.90873126234
-7.86708200838
-3.31656769611
-3.38162761858
0.674966787379
-2.23234498791
2.2930408122
-10.4197547734
-4.10877587364
-7.0906384628
-10.1309905738
5.76035777278
0.0591012684074
-5.6132727075
-4.95952416154
3.96226093905
-11.0733973425
2.72727986405
2.2889449603
-4.79241544168
0.912630371863
-0.922818584668
-5.14881604156
-2.36740902532
-2.06338431677
-1.18301536165
5.90705212568
4.21365436557
5.00314653822
0.114426401447
-2.91577561963
-3.35138082763
0.488356209021
2.45651525368
-7.32507629007
-3.17186905614
-2.25939243153
-0.772728886512
-2.73729777748
-0.104832771332
-0.0615698828228
-3.77788690648
-3.03585134078
2.59656555095
9.46412511302
3.03297618683
-2.18096716523
-3.95733477538
6.5405640746
1.59264314805
-2.41333382545
0.491170467921
-1.96894157045
1.34480551646
10.5746829664
-3.70885282848
1.69166842696
1.26188511216
-2.23017911093
7.51270982659
5.83469645983
-4.71128348309
-4.99732459296
6.18119965023
-2.44432836586
2.64587230083
-0.0670726451923
0.879067470326
-5.08256376254
3.28225082342
5.92899400347
1.56707467925
1.44995784863
-4.76228184838
5.20373583131
-1.61103281926
5.97478582669
1.42722362794
4.77514073994
3.34020258015
7.89151587258
-2.92836289094
3.66565748878
4.65313263386
4.14376101882
-2.96965266931
10.346153341
7.97610077238
-0.180690773989
0.102099043907
5.95590367674
6.97683207857
-0.35487505784
6.76944332804
-2.25286881905
2.38529287822
5.66365507827
3.65957480212
2.72859729664
5.18257480132
3.0602972381
9.74318446166
-3.36760613165
3.50112227655
-0.714186345788
-2.64531780607
7.93075258069
4.61255819036
6.3068702721
5.49690971151
3.88289987378
9.03706898249
4.85320441457
2.41551101334
-1.28010690131
1.10254562056
4.50829733046
6.83236318677
3.80644664029
-0.290966075622
1.88756330374
3.60612578072
5.31083922375
9.1627507899
-0.110297896307
8.19339615277
5.27581212207
16.4563019493
-3.85140925263
0.802471572601
12.5433469826
0.70958454776
0.737125335764
3.95883570087
7.02049015614
5.08817190245
7.59250057437
5.54177365065
3.79437766591
5.39697123515
7.14203298091
11.5565264703
3.82373257587
6.86994725557
7.52957422683
9.40278853455
0.693275877301
11.0013124554
2.77902852086
3.52866580517
10.1712474755
7.39090938236
7.96396097444
15.1559794912
-2.69927030108
3.41488828125
11.2711495782
3.9014667118
8.85533408131
5.65937452143
7.94123713403
8.34874635799
8.29974732388
7.94903729878
2.25763740328
4.04372051107
3.34602410818
5.27495852856
6.16942092459
10.7068494344
18.4352824134
6.82878613368
8.41326963007
1.66503124276
13.7262938716
17.175738856
9.32795527164
11.7038642733
7.98252218729
8.33626812379
9.79914905481
7.60059261676
3.88860899878
10.4103482829
4.37841642779
13.5261282332
7.3866715097
9.06118408063
3.57233508189
12.1090421047
7.40070360658
12.3755112524
2.103800101
7.77166990919
8.30972482341
9.14129151122
16.5680639751
8.78699771193
6.71718541979
3.43794316957
13.7151538211
15.3330414081
3.90984324923
8.98947771515
4.40324207522
16.8598828933
16.4739724006
7.52824109488
11.5747971769
9.85106947565
14.4980388085
7.99035227157
8.26091650896
9.97487253788
14.0373160749
12.9957101996
9.58542170359
13.9354701455
9.33366750037
11.0089049534
5.01276001693
16.7823137809
13.7846547046
10.5709584867
6.55878786003
7.47068295888
12.3641145121
12.5409861675
4.61332950942
7.34897712701
5.59487186043
12.434042284
10.1337416612
15.8435247472
4.28475661297
9.89731956119
9.2427846865
10.9788555855
12.3767194484
9.34211659093
16.1398895344
13.5149273327
17.1917889762
7.07351488693
13.8302777236
3.97944838768
13.6144626873
5.96632352869
13.1884295164
16.2875984391
4.1531900704
12.4154851278
12.3511292747
4.09937517726
15.0219175714
11.2353146176
13.260362277
12.1796209849
11.1148522123
10.7146950703
12.5920280928
8.3024688588
10.2718391669
18.0925530844
5.07324325798
18.0219962114
17.7842167159
18.4415207006
18.4347509057
15.7728387328
14.9647509325
18.4257932734
15.3850057355
18.4352824134
18.4359377659
18.392730649
18.4355405649
17.6806962678
18.4365281578
15.5821762422
14.2818390417
18.4033690297
17.2216600298
18.4321336441
17.3330383133
18.4421477228
15.4208516042
18.4415207006
14.2317126858
15.5701150859
15.0234052458
18.4415207006
18.4415207006
15.3058798864
14.9969331319
18.44282687
16.5967739038
14.9968903168
14.4684682637
14.819983763
14.2770176893
11.9338093767
16.9845509332
18.8182355672
14.4060287333
15.5227609707
18.4352751025
11.6489165888
15.1786007808
11.7406310972
17.8813820516
17.181832882
15.8765264195
13.6985206102
14.1596252647
16.4247309056
17.2811039415
13.3507128676
17.5957705998
16.2985475099
18.4368328665
9.19255527148
12.9155631947
15.3166009442
14.4559925523
16.4824080595
14.2491980416
13.4913235365
12.9704116994
11.0846594564
15.7428306941
15.1868135663
14.9814677398
18.4175901585
17.8853406059
16.3927379371
17.6890360132
13.4764669451
11.5487694104
10.3412232341
15.3985924761
10.3592934173
18.0603507867
17.5136670927
14.0083887177
17.2384615074
14.5124887667
16.2980172048
15.276029234
16.9701060872
17.5908078434
14.0598492896
14.8262274461
16.0180472384
14.5056304342
15.2748199644
11.0910101502
15.1618142595
16.1245842195
15.4340256016
18.0668957464
18.7714898327
13.267803978
17.9935252031
17.3090108485
17.7967615514
15.4829804907
18.413796457
18.4347509057
17.3071264824
17.260639662
15.8373556043
13.2200048884
14.9379289768
15.4791779008
18.4261658096
11.4039088438
18.4158765945
17.8722839693
12.581922869
18.2872334448
15.9707208668
14.2648891578
13.9283159711
11.3124415596
15.6707058648
15.3736302187
15.0804537754
14.0303575914
17.8925485098
18.4413540465
15.0551297785
18.4881903713
14.6413678059
14.296261168
18.3868361153
15.2441807979
17.5895056624
17.8285984547
17.2560658757
17.0234040427
14.8798612304
15.2818845751
14.2211652052
17.7654810337
17.756582256
17.0582174601
9.63891588914
15.2420823639
15.647161285
18.4060607426
13.547018488
11.6714114514
18.4254803354
17.6824238025
16.3639059615
18.7789329168
18.4287386679
12.8137535553
17.2616929488
14.5124887667
17.8659431345
10.5886780411
17.7126090743
10.9505587909
14.02178462
14.3207822372
14.0756227109
14.9196036358
18.8340838327
18.8249556436
14.9163761946
18.8207832745
18.822396202
18.8250934684
18.847854197
18.8187162175
16.428045246
15.1045536144
17.3545876061
18.8544256332
18.8198528136
18.8145688303
15.4647718524
15.6325244676
17.2033236022
14.50587934
18.8696042879
18.826434143
18.862585363
17.0712457806
14.50587934
15.4647718524
15.2402249257
18.8558023516
18.8409386872
15.6325244676
18.8544256332
14.2113548123
17.3382756359
15.1680017613
15.4645778621
18.4222337526
18.8672049487
11.3287824045
12.0585107441
16.5237284903
14.2461592017
15.6747587349
14.8814636079
10.8121775048
13.7401993894
15.2138141814
13.4230619964
17.4211879545
18.4434089436
17.3533611162
18.8409386872
18.4363771945
18.7785263832
15.6610280112
18.7870498958
18.4039945297
18.8132871886
18.1594629501
17.7935201846
15.4972473407
13.9903809974
18.8337237694
16.1413182502
18.824204314
18.8351107748
18.2718679737
18.8803284506
18.8234728245
14.9905982729
18.841492116
18.4329516441
15.5098478944
15.2850148241
14.042388578
18.8688172813
18.8329448578
13.7450456275
15.3989466929
16.3942564433
15.8199701087
13.895706533
14.9108024196
17.9271558331
14.6883044136
15.4114758547
18.4275957249
15.2213505191
14.7489907786
18.2050661011
14.676527975
17.9130437969
13.7660219343
11.5773633819
15.0269876144
15.1114475531
12.8042856871
15.695669717
16.7942811329
18.8544256332
18.838467809
15.5035461537
13.2485952626
12.7015425991
18.4275957249
18.8393244126
18.8624080392
18.80013459
17.9839875602
18.2718679737
18.8351107748
18.1717568257
15.7591197344
17.6390666684
18.8550339009
15.721192355
18.4293791344
14.3417311857
16.8871018496
16.0210526714
18.8600357137
15.0698570442
18.4363771945
17.7130173267
12.0528505773
18.8312620909
18.4429690339
15.8787292246
15.6904042445
17.7347609455
18.8868144526
18.8624080392
15.8681567849
15.3825920846
17.0086414587
14.2081985824
15.7863317065
18.8752332735
18.8271500838
18.8390028996
18.8558023516
14.2943355992
15.4366397758
13.0128243354
15.819571951
18.8340838327
17.7233405969
18.8469135879
18.8157311209
18.814650596
18.3544930036
14.0918849346
15.1959570505
18.8487397232
15.3198770837
15.3696902421
14.1512795195
12.1661081788
15.341659245
18.8675344092
15.1249368028
17.9784504964
16.0256297931
17.880746241
18.8853971827
18.8351107748
18.2718679737
18.8263950115
15.2892984757
18.1637603063
18.8544256332
18.887345291
11.5411845384
15.1461210016
18.8628679946
15.0697106797
14.5124292914
18.8600959327
18.8669249808
18.8424560424
18.8624080392
15.8224485829
12.4495673073
18.3360215267
15.8424148739
18.2761621765
15.6472089469
18.8445047905
15.0839083679
18.8553914439
16.0866028414
11.9420871511
15.1705502538
18.8570360338
18.8284933616
18.8833936461
14.9211084594
18.8459450745
18.8149285732
18.8397988832
18.887786595
12.8313900731
12.3455320716
16.4223793544
18.8220640111
18.8494968321
18.8672049487
15.3929433979
13.9042979041
15.2370044863
14.7267643148
15.1201237204
16.311796604
18.8425738075
15.5692815668
18.861242997
17.8959338352
18.8455602366
16.1715354597
18.8351107748
18.8571075707
18.8724846757
18.0379747064
17.3646677049
14.326557127
