1.18707320263
1.15413887654
1.18121303018
1.13472983572
1.15173139159
1.17765884007
1.16984450201
1.17208993105
1.21906901272
1.13684857579
1.18501834263
1.17036137353
1.14647726847
1.11074325725
1.1847321941
1.16862019067
1.14567222905
1.12649231812
1.13142725541
1.21429370094
1.18207676556
1.23129824081
1.17847615842
1.11767912453
1.20081710812
1.1715586926
1.13857402049
1.17521485057
1.15473217953
1.19200352184
1.16366324076
1.18534976424
1.24653586289
1.15931850282
1.14022675155
1.18227478091
1.13477342017
1.17742061747
1.17973586227
1.13682880027
1.18558035401
1.16829231219
1.13617064811
1.18967631735
1.19226027104
1.09595135676
1.18140662808
1.14543354862
1.18607410465
1.13177499436
1.15507403376
1.14749218866
1.20568285057
1.18914865408
1.20041534099
1.14338506377
1.1390655911
1.15455871629
1.18713721617
1.11009094355
1.19764796791
1.1652977785
1.17486626143
1.24273778671
1.14001610428
1.17439152707
1.15560668311
1.15204732077
1.12946795445
1.19946491267
1.11916277867
1.17082251467
1.1682412819
1.22151232375
1.13170569372
1.15231147784
1.19144073866
1.16911580035
1.16429099596
1.1251338792
1.14662442641
1.15620872818
1.16764324812
1.14060176732
1.14358360693
1.17866915749
1.1907339011
1.18990012363
1.21553851792
1.18696566912
1.15658489787
1.14512846829
1.13268917874
1.12969315807
1.15142112361
1.19547720314
1.15868460494
1.10579125822
1.12498592491
1.15035016901
1.19430894988
1.13670280284
1.18472003076
1.19571377939
1.14630930348
1.13522267632
1.18361374354
1.11871875299
1.16623495676
1.21372512489
1.17386584602
1.143488114
1.12687054441
1.13972408997
1.14934512567
1.15241769156
1.1857050231
1.20535897352
1.15279365194
1.11387546518
1.15837000913
1.2468331345
1.11302694576
1.12303573953
1.16106527995
1.13524890182
1.16979250747
1.14255860199
1.15118639623
1.13660339479
1.16086953843
1.15351566409
1.11211175016
1.13662915296
1.14521989906
1.14661869665
1.15186155471
1.14806852251
1.20040276265
1.11219389018
1.12933248783
1.12809035941
1.12466982336
1.09540115065
1.18101638612
1.19623872403
1.15805486186
1.22310760512
1.11224035077
1.15339081927
1.11880526692
1.15848848655
1.14293185119
1.12704834586
1.11965796125
1.13831660529
1.14590408207
1.13001192881
1.19904086563
1.12669364534
1.14124792656
1.14410869675
1.12589414236
1.10690360562
1.11050109827
1.14697817067
1.16443293146
1.18371176087
1.12071992031
1.09547125539
1.08265076458
1.16006148656
1.17606663257
1.16015748174
1.14699643678
1.15256879909
1.12744767512
1.16851252571
1.12497822379
1.14285463537
1.07784947465
1.15465182792
1.14119708653
1.09996751631
1.13422764703
1.13093257893
1.20129332646
1.18060031017
1.15640520877
1.15115463952
1.13888756407
1.16500425036
1.16814713027
1.17993536387
1.10147985507
1.15490400959
1.13076314019
1.11759469393
1.13378499316
1.16634101259
1.06940338497
1.11861673738
1.16607983444
1.12332669348
1.14083168873
1.13562067693
1.12498626215
1.19701834535
1.15799507018
1.10244171406
1.13857111897
1.1327066625
1.14153563001
1.12675225977
1.12671221901
1.11629808642
1.12663502806
1.1797947771
1.20058412192
1.16476079628
1.14285463537
1.14319756404
1.11063835049
1.08487624716
1.12303290968
1.12044313422
1.15753975338
1.1031197367
1.09486231546
1.12279664065
1.11870518174
1.11734521618
1.11521217493
1.11927745647
1.1263153635
1.15458207948
1.12131810271
1.1480541974
1.10288534059
1.13956848921
1.1709563264
1.17725916451
1.0768402861
1.11496540035
1.1011273564
1.14342564811
1.13694610387
1.12422046155
1.12775074003
1.07815350697
1.09724547845
1.14057475045
1.176897853
1.11479785974
1.12365429417
1.15900546737
1.13070812142
1.1430395247
1.07663316115
1.07742514369
1.11784188262
1.10765948122
1.13629524367
1.09498335005
1.12637399634
1.12459940236
1.13746007943
1.10513782794
1.12938978548
1.12027515807
1.07901891053
1.08032326249
1.1164054577
1.16145036195
1.08870286987
1.09462614094
1.10513166534
1.13682011861
1.12284960212
1.10133301375
1.11137608639
1.18935879053
1.14100653612
1.14650804996
1.14246228011
1.09188200914
1.10262560618
1.15510925103
1.13618091837
1.12885441718
1.1147560111
1.12015515188
1.14988536894
1.12241937628
1.08900106842
1.08750818036
1.12905350208
1.10775898511
1.14604452882
1.1045620673
1.13159474304
1.09815773641
1.06952486984
1.13959262933
1.08975541643
1.06864401711
1.15170748976
1.07622005722
1.10245767904
1.06987537107
1.10091271709
1.12577817552
1.07120334889
1.10029432892
1.1205620415
1.1301745276
1.07434099588
1.14929797995
1.07879916343
1.0880894047
1.08450926172
1.08490752613
1.07492508034
1.10351954831
1.08543494998
1.07217997024
1.08487624716
1.08483768246
1.0873861191
1.08486105572
1.0900717968
1.08480294277
1.08451402017
1.08358082722
1.08675753705
1.09071007197
1.08506157704
1.08999925793
1.08447238904
1.07346531029
1.08450926172
1.08467444687
1.09325439116
1.09901271071
1.08450926172
1.08450926172
1.08468768778
1.10295441922
1.08443245393
1.09310804281
1.07218166743
1.08256966013
1.09624479878
1.08319612996
1.11082532081
1.08018194099
1.06279889677
1.10190864203
1.10228406617
1.08487667739
1.10961857059
1.10207197911
1.12185908956
1.08500886508
1.06845615069
1.09260881571
1.06609687613
1.10465870703
1.07606929608
1.08039698279
1.09275290382
1.09728618819
1.09225207634
1.08478501404
1.10603684679
1.10332183669
1.09137533683
1.08577617369
1.08865330315
1.08370179293
1.10698599191
1.11134262109
1.09567752635
1.09291680946
1.08462190068
1.07779098667
1.08591839801
1.08430809684
1.07737431847
1.08682063352
1.0919120688
1.07649460597
1.08695766092
1.07248881107
1.1122226287
1.07657595512
1.08653481171
1.09045073417
1.07656504768
1.09700814395
1.1039166151
1.10075453962
1.09068552038
1.09290319601
1.08210226087
1.07118039371
1.07623720541
1.09630239735
1.07221800793
1.10831744409
1.09869015969
1.08101509879
1.07364048002
1.07437573044
1.06544553353
1.11495576146
1.07926210587
1.08001292182
1.09207703454
1.08227308917
1.08614212429
1.08490752613
1.07684315144
1.08604593219
1.07590765452
1.08683845367
1.06845032288
1.07529050888
1.08541300489
1.12779045071
1.08601944074
1.08486498231
1.0932894282
1.09365913988
1.07759441432
1.08467263005
1.08970998593
1.09486539992
1.07174266493
1.1013059779
1.09522320528
1.09033192921
1.08419206234
1.08451906241
1.08663109889
1.08177163899
1.08134082037
1.10057204158
1.08773471817
1.10061928359
1.09385197745
1.07474090722
1.07702450401
1.09057363785
1.06936995629
1.09799361814
1.08002151796
1.08937372508
1.08425865987
1.07348214054
1.12314296616
1.08474025818
1.10024713373
1.086598609
1.08063042074
1.09579125893
1.08545338498
1.09240931266
1.09423363335
1.06502324113
1.08526146908
1.09599574605
1.08181499496
1.09700814395
1.08136400709
1.13439304686
1.096141909
1.11537909104
1.08789563814
1.07976043581
1.08242476671
1.08271897302
1.06190458626
1.062419502
1.08056243785
1.06265502919
1.06256396823
1.06241172367
1.0611287519
1.06277175174
1.05621089156
1.0761252485
1.06639381762
1.06075891088
1.06270756727
1.0630060237
1.0822020481
1.077525083
1.06951237236
1.08222180553
1.05990563951
1.06233606683
1.06030003921
1.05829529742
1.08222180553
1.0822020481
1.0787429736
1.06068146171
1.06151823601
1.077525083
1.06075891088
1.08458720727
1.06639381762
1.08930099499
1.09513621358
1.08564467635
1.06004042752
1.09409085638
1.10805969961
1.09041447735
1.08050467324
1.07446022124
1.08406111652
1.0984293392
1.08174937819
1.07999309399
1.08776749291
1.07468191622
1.08439822926
1.06639381762
1.06151823601
1.0848118255
1.06504629766
1.09327903856
1.0645630959
1.08672060121
1.06307844023
1.06480115592
1.08100173174
1.07858346484
1.09891385718
1.06192488777
1.07713546111
1.0624619063
1.0618466883
1.06394344218
1.05930360546
1.0625031941
1.08518168433
1.06148705617
1.0850134252
1.07405810416
1.07632759831
1.08456460276
1.05994984751
1.0619688079
1.07479704219
1.06742163746
1.09137810295
1.09222156552
1.08653705564
1.08071080466
1.08099179518
1.0745379135
1.07833225017
1.08532878074
1.09532042222
1.08200964445
1.06571679144
1.07630989725
1.08444459642
1.08827033535
1.10125416155
1.08000760048
1.08509509222
1.10405429713
1.08697647419
1.05457844847
1.06075891088
1.06165746613
1.07512055718
1.08683845367
1.1055686256
1.08532878074
1.06160919372
1.06031000699
1.06382217129
1.06204820729
1.06394344218
1.0618466883
1.06228261543
1.08215453006
1.06433651126
1.06072469056
1.07436005749
1.08522375356
1.08118529915
1.05538562196
1.0728930061
1.06044337899
1.07972070104
1.0848118255
1.08037520109
1.10465049495
1.06206370574
1.0844240948
1.07621741369
1.07344634125
1.08380691351
1.05893982546
1.06031000699
1.07662291623
1.07907506314
1.07825773747
1.08180541436
1.07558914909
1.05958955369
1.06229566934
1.06162731152
1.06068146171
1.08470266926
1.07759391025
1.10095716653
1.09300656497
1.06190458626
1.06776713286
1.06118171056
1.0629403594
1.06300140404
1.08965145461
1.08503962565
1.07852873115
1.06107889937
1.08038784112
1.10113781409
1.0838524019
1.06216747124
1.06536197247
1.06002191734
1.08263978369
1.06244202519
1.07590714451
1.08413899369
1.05901929446
1.0618466883
1.06394344218
1.06233827495
1.07816007209
1.06378626848
1.06075891088
1.05891006343
1.10125416155
1.09921849221
1.06028415222
1.0830020124
1.08224109113
1.06043999306
1.06005615756
1.06143275351
1.06031000699
1.07668072606
1.10023439827
1.09074915574
1.07539360028
1.0630159158
1.07659745955
1.06131735603
1.08134178992
1.0607045767
1.07602419907
1.09926964657
1.07992407354
1.06061206884
1.06221988217
1.05913165689
1.08064986106
1.06123624583
1.06298569895
1.06158245765
1.0588853225
1.09408076406
1.09649716979
1.0728930061
1.06258272144
1.06103628007
1.06004042752
1.07540867778
1.08271406492
1.07696749198
1.08201275997
1.08106840609
1.05249530145
1.06142611961
1.08728985768
1.0603755014
1.06183846668
1.06125791693
1.07626439548
1.0618466883
1.06060804527
1.05974387282
1.06562819392
1.06593087311
1.08994268567
