rm: cannot remove ‘upper_assembly.*’: No such file or directory
rm: cannot remove ‘lower_assembly.*’: No such file or directory
rm: cannot remove ‘metrics_file.txt’: No such file or directory
rm: cannot remove ‘child_list.txt’: No such file or directory
44043[].rdfmg.cm.cluster
44044[].rdfmg.cm.cluster
44045[].rdfmg.cm.cluster
44046[].rdfmg.cm.cluster
44047[].rdfmg.cm.cluster
44048[].rdfmg.cm.cluster
44049[].rdfmg.cm.cluster
44050[].rdfmg.cm.cluster
44051[].rdfmg.cm.cluster
44052[].rdfmg.cm.cluster
rm: cannot remove ‘info-dat*’: No such file or directory
rm: cannot remove ‘error-dat*’: No such file or directory
44053[].rdfmg.cm.cluster
44054[].rdfmg.cm.cluster
44055[].rdfmg.cm.cluster
44056[].rdfmg.cm.cluster
44057[].rdfmg.cm.cluster
44058[].rdfmg.cm.cluster
44059[].rdfmg.cm.cluster
44060[].rdfmg.cm.cluster
44061[].rdfmg.cm.cluster
44062[].rdfmg.cm.cluster
rm: cannot remove ‘info-dat*’: No such file or directory
rm: cannot remove ‘error-dat*’: No such file or directory
44063[].rdfmg.cm.cluster
44064[].rdfmg.cm.cluster
44065[].rdfmg.cm.cluster
44066[].rdfmg.cm.cluster
44067[].rdfmg.cm.cluster
44068[].rdfmg.cm.cluster
44069[].rdfmg.cm.cluster
44070[].rdfmg.cm.cluster
44071[].rdfmg.cm.cluster
44072[].rdfmg.cm.cluster
rm: cannot remove ‘info-dat*’: No such file or directory
rm: cannot remove ‘error-dat*’: No such file or directory
44073[].rdfmg.cm.cluster
44074[].rdfmg.cm.cluster
44075[].rdfmg.cm.cluster
44076[].rdfmg.cm.cluster
44077[].rdfmg.cm.cluster
44078[].rdfmg.cm.cluster
44079[].rdfmg.cm.cluster
44080[].rdfmg.cm.cluster
44081[].rdfmg.cm.cluster
44082[].rdfmg.cm.cluster
160
62
3
3
3
62
1.23498170808
1.23498170808
62
3
3
3
62
1.10820959062
1.10820959062
62
3
3
3
62
1.18512324469
1.18512324469
62
3
3
3
62
1.14052588791
1.14052588791
62
3
3
3
62
1.1109417552
1.1109417552
62
3
3
3
62
1.18111247424
1.18111247424
62
3
3
3
62
1.10553639937
1.10553639937
62
3
3
3
62
1.06055360062
1.06055360062
62
3
3
3
62
1.15034065045
1.15034065045
62
3
3
3
62
1.16471705946
1.16471705946
62
3
3
3
62
1.21493095462
1.21493095462
62
3
3
3
62
1.19116889309
1.19116889309
62
3
3
3
62
1.13450990605
1.13450990605
62
3
3
3
62
1.13592490826
1.13592490826
62
3
3
3
62
1.18251828435
1.18251828435
62
3
3
3
62
1.13332872947
1.13332872947
62
3
3
3
62
1.12571498049
1.12571498049
62
3
3
3
62
1.13006868665
1.13006868665
62
3
3
3
62
1.09080537687
1.09080537687
62
3
3
3
62
1.14107600109
1.14107600109
62
3
3
3
62
1.08722555387
1.08722555387
62
3
3
3
62
1.14070910892
1.14070910892
62
3
3
3
62
1.12030977171
1.12030977171
62
3
3
3
62
1.11773543584
1.11773543584
62
3
3
3
62
1.13434065933
1.13434065933
62
3
3
3
62
1.09561145099
1.09561145099
62
3
3
3
62
1.09314278972
1.09314278972
62
3
3
3
62
1.13202390988
1.13202390988
62
3
3
3
62
1.19641319766
1.19641319766
62
3
3
3
62
1.15921348416
1.15921348416
62
3
3
3
62
1.14291831915
1.14291831915
62
3
3
3
62
1.1220081778
1.1220081778
62
3
3
3
62
1.22552393546
1.22552393546
62
3
3
3
62
1.19093529594
1.19093529594
62
3
3
3
62
1.175864001
1.175864001
62
3
3
3
62
1.11866579322
1.11866579322
62
3
3
3
62
1.10706550066
1.10706550066
62
3
3
3
62
1.11570337926
1.11570337926
62
3
3
3
62
1.11976404496
1.11976404496
62
3
3
3
62
1.19909708586
1.19909708586
62
3
3
3
62
1.20143661777
1.20143661777
62
3
3
3
62
1.07594910206
1.07594910206
62
3
3
3
62
1.17265485448
1.17265485448
62
3
3
3
62
1.14023233443
1.14023233443
62
3
3
3
62
1.08434270695
1.08434270695
62
3
3
3
62
1.17490000715
1.17490000715
62
3
3
3
62
1.11648972965
1.11648972965
62
3
3
3
62
1.1587083873
1.1587083873
62
3
3
3
62
1.17353660362
1.17353660362
62
3
3
3
62
1.1408157285
1.1408157285
62
3
3
3
62
1.12985748066
1.12985748066
62
3
3
3
62
1.06867098732
1.06867098732
62
3
3
3
62
1.11811231108
1.11811231108
62
3
3
3
62
1.10719126288
1.10719126288
62
3
3
3
62
1.16583767856
1.16583767856
62
3
3
3
62
1.12628179912
1.12628179912
62
3
3
3
62
1.14184065567
1.14184065567
62
3
3
3
62
1.15948791766
1.15948791766
62
3
3
3
62
1.19697949623
1.19697949623
62
3
3
3
62
1.18322505475
1.18322505475
62
3
3
3
62
1.05714797208
1.05714797208
62
3
3
3
62
1.1822707543
1.1822707543
62
3
3
3
62
1.12151523438
1.12151523438
62
3
3
3
62
1.09541972213
1.09541972213
62
3
3
3
62
1.12817099104
1.12817099104
62
3
3
3
62
1.13542978477
1.13542978477
62
3
3
3
62
1.1389780985
1.1389780985
62
3
3
3
62
1.11212298294
1.11212298294
62
3
3
3
62
1.20147768986
1.20147768986
62
3
3
3
62
1.20631624132
1.20631624132
62
3
3
3
62
1.15033784903
1.15033784903
62
3
3
3
62
1.09167396504
1.09167396504
62
3
3
3
62
1.19997675624
1.19997675624
62
3
3
3
62
1.22913012095
1.22913012095
62
3
3
3
62
1.19323967559
1.19323967559
62
3
3
3
62
1.16950658963
1.16950658963
62
3
3
3
62
1.16573147238
1.16573147238
62
3
3
3
62
1.08904947626
1.08904947626
62
3
3
3
62
1.09528420821
1.09528420821
62
3
3
3
62
1.20676172029
1.20676172029
62
3
3
3
62
1.1335904846
1.1335904846
62
3
3
3
62
1.12832030942
1.12832030942
62
3
3
3
62
1.10809409856
1.10809409856
62
3
3
3
62
1.15981381959
1.15981381959
62
3
3
3
62
1.09976847045
1.09976847045
62
3
3
3
62
1.16363655596
1.16363655596
62
3
3
3
62
1.1380975164
1.1380975164
62
3
3
3
62
1.07485195328
1.07485195328
62
3
3
3
62
1.06585725576
1.06585725576
62
3
3
3
62
1.18894513038
1.18894513038
62
3
3
3
62
1.09614847403
1.09614847403
62
3
3
3
62
1.16604277631
1.16604277631
62
3
3
3
62
1.14164990714
1.14164990714
62
3
3
3
62
1.19572996449
1.19572996449
62
3
3
3
62
1.13899617367
1.13899617367
62
3
3
3
62
1.09619421202
1.09619421202
62
3
3
3
62
1.21061842273
1.21061842273
62
3
3
3
62
1.09301863074
1.09301863074
62
3
3
3
62
1.1408497529
1.1408497529
62
3
3
3
62
1.12292864027
1.12292864027
62
3
3
3
62
1.13231992887
1.13231992887
62
3
3
3
62
1.14310114993
1.14310114993
62
3
3
3
62
1.1817543228
1.1817543228
62
3
3
3
62
1.07193687507
1.07193687507
62
3
3
3
62
1.1319452699
1.1319452699
62
3
3
3
62
1.1081384028
1.1081384028
62
3
3
3
62
1.17025382833
1.17025382833
62
3
3
3
62
1.15890414947
1.15890414947
62
3
3
3
62
1.14401193793
1.14401193793
62
3
3
3
62
1.07261879755
1.07261879755
62
3
3
3
62
1.1874960594
1.1874960594
62
3
3
3
62
1.17921716301
1.17921716301
62
3
3
3
62
1.16921779677
1.16921779677
62
3
3
3
62
1.11669054423
1.11669054423
62
3
3
3
62
1.18793184214
1.18793184214
62
3
3
3
62
1.16810267892
1.16810267892
62
3
3
3
62
1.18024496118
1.18024496118
62
3
3
3
62
1.09583323774
1.09583323774
62
3
3
3
62
1.09771491435
1.09771491435
62
3
3
3
62
1.19623801624
1.19623801624
62
3
3
3
62
1.11978153805
1.11978153805
62
3
3
3
62
1.07400291251
1.07400291251
62
3
3
3
62
1.14652756558
1.14652756558
62
3
3
3
62
1.08493632426
1.08493632426
62
3
3
3
62
1.17280784257
1.17280784257
62
3
3
3
62
1.2093423967
1.2093423967
62
3
3
3
62
1.10974319554
1.10974319554
62
3
3
3
62
1.16683430947
1.16683430947
62
3
3
3
62
1.16412301711
1.16412301711
62
3
3
3
62
1.15531525784
1.15531525784
62
3
3
3
62
1.15145080752
1.15145080752
62
3
3
3
62
1.15546220439
1.15546220439
62
3
3
3
62
1.14672484455
1.14672484455
62
3
3
3
62
1.13321754236
1.13321754236
62
3
3
3
62
1.09506939395
1.09506939395
62
3
3
3
62
1.24565379695
1.24565379695
62
3
3
3
62
1.18031206965
1.18031206965
62
3
3
3
62
1.1681845286
1.1681845286
62
3
3
3
62
1.10946132593
1.10946132593
62
3
3
3
62
1.13379177103
1.13379177103
62
3
3
3
62
1.21060239088
1.21060239088
62
3
3
3
62
1.12564540771
1.12564540771
62
3
3
3
62
1.06932133715
1.06932133715
62
3
3
3
62
1.21532415076
1.21532415076
1.20147768986
1.10639876985
1.12460720203
1.22957641766
1.11329925837
1.0686134836
1.10798410956
1.13267405349
1.08673093784
1.08719239098
1.15673466609
1.22663747813
1.17334171042
1.1700799291
1.17793462579
1.16120899259
62
3
3
3
62
1.23498170808
1.23498170808
62
3
3
3
62
1.10820959062
1.10820959062
62
3
3
3
62
1.18512324469
1.18512324469
62
3
3
3
62
1.14052588791
1.14052588791
62
3
3
3
62
1.1109417552
1.1109417552
62
3
3
3
62
1.18111247424
1.18111247424
62
3
3
3
62
1.10553639937
1.10553639937
62
3
3
3
62
1.06055360062
1.06055360062
62
3
3
3
62
1.15034065045
1.15034065045
62
3
3
3
62
1.16471705946
1.16471705946
62
3
3
3
62
1.21493095462
1.21493095462
62
3
3
3
62
1.19116889309
1.19116889309
62
3
3
3
62
1.13450990605
1.13450990605
62
3
3
3
62
1.13592490826
1.13592490826
62
3
3
3
62
1.18251828435
1.18251828435
62
3
3
3
62
1.13332872947
1.13332872947
62
3
3
3
62
1.12571498049
1.12571498049
62
3
3
3
62
1.13006868665
1.13006868665
62
3
3
3
62
1.09080537687
1.09080537687
62
3
3
3
62
1.14107600109
1.14107600109
62
3
3
3
62
1.08722555387
1.08722555387
62
3
3
3
62
1.14070910892
1.14070910892
62
3
3
3
62
1.12030977171
1.12030977171
62
3
3
3
62
1.11773543584
1.11773543584
62
3
3
3
62
1.13434065933
1.13434065933
62
3
3
3
62
1.09561145099
1.09561145099
62
3
3
3
62
1.09314278972
1.09314278972
62
3
3
3
62
1.13202390988
1.13202390988
62
3
3
3
62
1.19641319766
1.19641319766
62
3
3
3
62
1.15921348416
1.15921348416
62
3
3
3
62
1.14291831915
1.14291831915
62
3
3
3
62
1.1220081778
1.1220081778
62
3
3
3
62
1.22552393546
1.22552393546
62
3
3
3
62
1.19093529594
1.19093529594
62
3
3
3
62
1.175864001
1.175864001
62
3
3
3
62
1.11866579322
1.11866579322
62
3
3
3
62
1.10706550066
1.10706550066
62
3
3
3
62
1.11570337926
1.11570337926
62
3
3
3
62
1.11976404496
1.11976404496
62
3
3
3
62
1.19909708586
1.19909708586
62
3
3
3
62
1.20143661777
1.20143661777
62
3
3
3
62
1.07594910206
1.07594910206
62
3
3
3
62
1.17265485448
1.17265485448
62
3
3
3
62
1.14023233443
1.14023233443
62
3
3
3
62
1.08434270695
1.08434270695
62
3
3
3
62
1.17490000715
1.17490000715
62
3
3
3
62
1.11648972965
1.11648972965
62
3
3
3
62
1.1587083873
1.1587083873
62
3
3
3
62
1.17353660362
1.17353660362
62
3
3
3
62
1.1408157285
1.1408157285
62
3
3
3
62
1.12985748066
1.12985748066
62
3
3
3
62
1.06867098732
1.06867098732
62
3
3
3
62
1.11811231108
1.11811231108
62
3
3
3
62
1.10719126288
1.10719126288
62
3
3
3
62
1.16583767856
1.16583767856
62
3
3
3
62
1.12628179912
1.12628179912
62
3
3
3
62
1.14184065567
1.14184065567
62
3
3
3
62
1.15948791766
1.15948791766
62
3
3
3
62
1.19697949623
1.19697949623
62
3
3
3
62
1.18322505475
1.18322505475
62
3
3
3
62
1.05714797208
1.05714797208
62
3
3
3
62
1.1822707543
1.1822707543
62
3
3
3
62
1.12151523438
1.12151523438
62
3
3
3
62
1.09541972213
1.09541972213
62
3
3
3
62
1.12817099104
1.12817099104
62
3
3
3
62
1.13542978477
1.13542978477
62
3
3
3
62
1.1389780985
1.1389780985
62
3
3
3
62
1.11212298294
1.11212298294
62
3
3
3
62
1.20147768986
1.20147768986
62
3
3
3
62
1.20631624132
1.20631624132
62
3
3
3
62
1.15033784903
1.15033784903
62
3
3
3
62
1.09167396504
1.09167396504
62
3
3
3
62
1.19997675624
1.19997675624
62
3
3
3
62
1.22913012095
1.22913012095
62
3
3
3
62
1.19323967559
1.19323967559
62
3
3
3
62
1.16950658963
1.16950658963
62
3
3
3
62
1.16573147238
1.16573147238
62
3
3
3
62
1.08904947626
1.08904947626
62
3
3
3
62
1.09528420821
1.09528420821
62
3
3
3
62
1.20676172029
1.20676172029
62
3
3
3
62
1.1335904846
1.1335904846
62
3
3
3
62
1.12832030942
1.12832030942
62
3
3
3
62
1.10809409856
1.10809409856
62
3
3
3
62
1.15981381959
1.15981381959
62
3
3
3
62
1.09976847045
1.09976847045
62
3
3
3
62
1.16363655596
1.16363655596
62
3
3
3
62
1.1380975164
1.1380975164
62
3
3
3
62
1.07485195328
1.07485195328
62
3
3
3
62
1.06585725576
1.06585725576
62
3
3
3
62
1.18894513038
1.18894513038
62
3
3
3
62
1.09614847403
1.09614847403
62
3
3
3
62
1.16604277631
1.16604277631
62
3
3
3
62
1.14164990714
1.14164990714
62
3
3
3
62
1.19572996449
1.19572996449
62
3
3
3
62
1.13899617367
1.13899617367
62
3
3
3
62
1.09619421202
1.09619421202
62
3
3
3
62
1.21061842273
1.21061842273
62
3
3
3
62
1.09301863074
1.09301863074
62
3
3
3
62
1.1408497529
1.1408497529
62
3
3
3
62
1.12292864027
1.12292864027
62
3
3
3
62
1.13231992887
1.13231992887
62
3
3
3
62
1.14310114993
1.14310114993
62
3
3
3
62
1.1817543228
1.1817543228
62
3
3
3
62
1.07193687507
1.07193687507
62
3
3
3
62
1.1319452699
1.1319452699
62
3
3
3
62
1.1081384028
1.1081384028
62
3
3
3
62
1.17025382833
1.17025382833
62
3
3
3
62
1.15890414947
1.15890414947
62
3
3
3
62
1.14401193793
1.14401193793
62
3
3
3
62
1.07261879755
1.07261879755
62
3
3
3
62
1.1874960594
1.1874960594
62
3
3
3
62
1.17921716301
1.17921716301
62
3
3
3
62
1.16921779677
1.16921779677
62
3
3
3
62
1.11669054423
1.11669054423
62
3
3
3
62
1.18793184214
1.18793184214
62
3
3
3
62
1.16810267892
1.16810267892
62
3
3
3
62
1.18024496118
1.18024496118
62
3
3
3
62
1.09583323774
1.09583323774
62
3
3
3
62
1.09771491435
1.09771491435
62
3
3
3
62
1.19623801624
1.19623801624
62
3
3
3
62
1.11978153805
1.11978153805
62
3
3
3
62
1.07400291251
1.07400291251
62
3
3
3
62
1.14652756558
1.14652756558
62
3
3
3
62
1.08493632426
1.08493632426
62
3
3
3
62
1.17280784257
1.17280784257
62
3
3
3
62
1.2093423967
1.2093423967
62
3
3
3
62
1.10974319554
1.10974319554
62
3
3
3
62
1.16683430947
1.16683430947
62
3
3
3
62
1.16412301711
1.16412301711
62
3
3
3
62
1.15531525784
1.15531525784
62
3
3
3
62
1.15145080752
1.15145080752
62
3
3
3
62
1.15546220439
1.15546220439
62
3
3
3
62
1.14672484455
1.14672484455
62
3
3
3
62
1.13321754236
1.13321754236
62
3
3
3
62
1.09506939395
1.09506939395
62
3
3
3
62
1.24565379695
1.24565379695
62
3
3
3
62
1.18031206965
1.18031206965
62
3
3
3
62
1.1681845286
1.1681845286
62
3
3
3
62
1.10946132593
1.10946132593
62
3
3
3
62
1.13379177103
1.13379177103
62
3
3
3
62
1.21060239088
1.21060239088
62
3
3
3
62
1.12564540771
1.12564540771
62
3
3
3
62
1.06932133715
1.06932133715
62
3
3
3
62
1.21532415076
1.21532415076
1.20147768986
1.10639876985
1.12460720203
1.22957641766
1.11329925837
1.0686134836
1.10798410956
1.13267405349
1.08673093784
1.08719239098
1.15673466609
1.22663747813
1.17334171042
1.1700799291
1.17793462579
1.16120899259
Average Lattice Cost:   17.5152762754

Variance in lattice score:    0.646815439819

Minimum lattice score: 16.0558255022
  Maximum lattice score:  18.9188273811

Average number of pins per assembly:  7
Highest scoring Pin Lattice 
0  
0  0  
0  2  0  
0  0  2  2  
0  4  2  4  0  
0  2  2  0  0  0  
0  0  2  0  0  2  2  
0  3  2  2  2  2  2  3  
0  0  2  0  0  0  0  3  0  
0  0  0  0  0  0  0  0  0  0  

Worst Scoring Pin Lattice 
0  
0  0  
0  0  0  
0  0  4  4  
0  4  3  4  0  
0  4  0  0  0  0  
0  0  6  0  0  3  4  
0  4  4  4  0  4  3  1  
0  0  4  0  4  4  0  4  0  
0  0  0  0  0  0  0  0  0  0  




108
138
18.2958714891
['0', '0', '0', '0', '1', '3', '0', '0', '1', '4', '0', '3', '1', '2', '0', '0', '0', '2', '0', '0', '0', '0', '0', '6', '0', '0', '6', '2', '0', '2', '3', '2', '2', '3', '0', '6', '0', '0', '5', '0', '0', '1', '0', '2', '0', '0', '0', '0', '0', '0', '0', '0', '0', '0', '0']
18.9188273811
['0', '0', '0', '0', '2', '0', '0', '0', '2', '2', '0', '4', '2', '4', '0', '0', '2', '2', '0', '0', '0', '0', '0', '2', '0', '0', '2', '2', '0', '3', '2', '2', '2', '2', '2', '3', '0', '0', '2', '0', '0', '0', '0', '3', '0', '0', '0', '0', '0', '0', '0', '0', '0', '0', '0']
46
22
17.6573304018
['0', '0', '0', '0', '2', '4', '0', '0', '1', '0', '0', '0', '1', '4', '0', '0', '6', '5', '0', '0', '0', '0', '0', '0', '0', '0', '1', '0', '0', '2', '1', '4', '0', '0', '2', '0', '0', '0', '0', '0', '4', '1', '0', '6', '0', '0', '0', '0', '0', '0', '0', '0', '0', '0', '0']
18.9188273811
['0', '0', '0', '0', '6', '5', '0', '0', '0', '0', '0', '0', '0', '1', '0', '0', '6', '2', '0', '0', '0', '0', '0', '6', '0', '0', '2', '5', '0', '4', '0', '0', '2', '5', '5', '0', '0', '0', '5', '0', '5', '6', '0', '5', '0', '0', '0', '0', '0', '0', '0', '0', '0', '0', '0']
62
3
3
3
62
1.09314278972
1.09314278972
62
3
3
3
62
1.11773543584
1.11773543584
62
3
3
3
62
1.08673093784
1.08673093784
62
3
3
3
62
1.14070910892
1.14070910892
62
3
3
3
62
1.08722555387
1.08722555387
62
3
3
3
62
1.10553639937
1.10553639937
62
3
3
3
62
1.10639876985
1.10639876985
62
3
3
3
62
1.13592490826
1.13592490826
62
3
3
3
62
1.11648972965
1.11648972965
62
3
3
3
62
1.17793462579
1.17793462579
62
3
3
3
62
1.10946132593
1.10946132593
62
3
3
3
62
1.16683430947
1.16683430947
62
3
3
3
62
1.1319452699
1.1319452699
62
3
3
3
62
1.0686134836
1.0686134836
62
3
3
3
62
1.21532415076
1.21532415076
62
3
3
3
62
1.17353660362
1.17353660362
62
3
3
3
62
1.11866579322
1.11866579322
62
3
3
3
62
1.09301863074
1.09301863074
62
3
3
3
62
1.1335904846
1.1335904846
62
3
3
3
62
1.10809409856
1.10809409856
62
3
3
3
62
1.10974319554
1.10974319554
62
3
3
3
62
1.07485195328
1.07485195328
62
3
3
3
62
1.14107600109
1.14107600109
62
3
3
3
62
1.06867098732
1.06867098732
62
3
3
3
62
1.12571498049
1.12571498049
62
3
3
3
62
1.07594910206
1.07594910206
62
3
3
3
62
1.0686134836
1.0686134836
62
3
3
3
62
1.15890414947
1.15890414947
62
3
3
3
62
1.1408157285
1.1408157285
62
3
3
3
62
1.18793184214
1.18793184214
62
3
3
3
62
1.16583767856
1.16583767856
62
3
3
3
62
1.16950658963
1.16950658963
62
3
3
3
62
1.07594910206
1.07594910206
62
3
3
3
62
1.09619421202
1.09619421202
62
3
3
3
62
1.10820959062
1.10820959062
62
3
3
3
62
1.14164990714
1.14164990714
62
3
3
3
62
1.12460720203
1.12460720203
62
3
3
3
62
1.17265485448
1.17265485448
62
3
3
3
62
1.09976847045
1.09976847045
62
3
3
3
62
1.09528420821
1.09528420821
62
3
3
3
62
1.18793184214
1.18793184214
62
3
3
3
62
1.07261879755
1.07261879755
62
3
3
3
62
1.09541972213
1.09541972213
62
3
3
3
62
1.12628179912
1.12628179912
62
3
3
3
62
1.05714797208
1.05714797208
62
3
3
3
62
1.09771491435
1.09771491435
62
3
3
3
62
1.1109417552
1.1109417552
62
3
3
3
62
1.10946132593
1.10946132593
62
3
3
3
62
1.07400291251
1.07400291251
62
3
3
3
62
1.15034065045
1.15034065045
62
3
3
3
62
1.09619421202
1.09619421202
62
3
3
3
62
1.14070910892
1.14070910892
62
3
3
3
62
1.06055360062
1.06055360062
62
3
3
3
62
1.09561145099
1.09561145099
62
3
3
3
62
1.10809409856
1.10809409856
62
3
3
3
62
1.10798410956
1.10798410956
62
3
3
3
62
1.07400291251
1.07400291251
62
3
3
3
62
1.11212298294
1.11212298294
62
3
3
3
62
1.14652756558
1.14652756558
62
3
3
3
62
1.06585725576
1.06585725576
62
3
3
3
62
1.13899617367
1.13899617367
62
3
3
3
62
1.12832030942
1.12832030942
62
3
3
3
62
1.12817099104
1.12817099104
62
3
3
3
62
1.13899617367
1.13899617367
62
3
3
3
62
1.13321754236
1.13321754236
62
3
3
3
62
1.08904947626
1.08904947626
62
3
3
3
62
1.15981381959
1.15981381959
62
3
3
3
62
1.07193687507
1.07193687507
62
3
3
3
62
1.19623801624
1.19623801624
62
3
3
3
62
1.06932133715
1.06932133715
62
3
3
3
62
1.14164990714
1.14164990714
62
3
3
3
62
1.08673093784
1.08673093784
62
3
3
3
62
1.09167396504
1.09167396504
62
3
3
3
62
1.12571498049
1.12571498049
62
3
3
3
62
1.18031206965
1.18031206965
62
3
3
3
62
1.1822707543
1.1822707543
62
3
3
3
62
1.10798410956
1.10798410956
62
3
3
3
62
1.14023233443
1.14023233443
62
3
3
3
62
1.16471705946
1.16471705946
62
3
3
3
62
1.12832030942
1.12832030942
62
3
3
3
62
1.12564540771
1.12564540771
62
3
3
3
62
1.11773543584
1.11773543584
62
3
3
3
62
1.12628179912
1.12628179912
62
3
3
3
62
1.14052588791
1.14052588791
62
3
3
3
62
1.1681845286
1.1681845286
62
3
3
3
62
1.10706550066
1.10706550066
62
3
3
3
62
1.15034065045
1.15034065045
62
3
3
3
62
1.1109417552
1.1109417552
62
3
3
3
62
1.14652756558
1.14652756558
62
3
3
3
62
1.13332872947
1.13332872947
62
3
3
3
62
1.07261879755
1.07261879755
62
3
3
3
62
1.13231992887
1.13231992887
62
3
3
3
62
1.08904947626
1.08904947626
62
3
3
3
62
1.07485195328
1.07485195328
62
3
3
3
62
1.13379177103
1.13379177103
62
3
3
3
62
1.09583323774
1.09583323774
62
3
3
3
62
1.08493632426
1.08493632426
62
3
3
3
62
1.16921779677
1.16921779677
62
3
3
3
62
1.15921348416
1.15921348416
62
3
3
3
62
1.13321754236
1.13321754236
62
3
3
3
62
1.14310114993
1.14310114993
62
3
3
3
62
1.14023233443
1.14023233443
62
3
3
3
62
1.14310114993
1.14310114993
62
3
3
3
62
1.1081384028
1.1081384028
62
3
3
3
62
1.10719126288
1.10719126288
62
3
3
3
62
1.06585725576
1.06585725576
62
3
3
3
62
1.08719239098
1.08719239098
62
3
3
3
62
1.19572996449
1.19572996449
62
3
3
3
62
1.18111247424
1.18111247424
62
3
3
3
62
1.19623801624
1.19623801624
62
3
3
3
62
1.1874960594
1.1874960594
62
3
3
3
62
1.15033784903
1.15033784903
62
3
3
3
62
1.1389780985
1.1389780985
62
3
3
3
62
1.16810267892
1.16810267892
62
3
3
3
62
1.09976847045
1.09976847045
62
3
3
3
62
1.20147768986
1.20147768986
62
3
3
3
62
1.09771491435
1.09771491435
62
3
3
3
62
1.12564540771
1.12564540771
62
3
3
3
62
1.15531525784
1.15531525784
62
3
3
3
62
1.1408497529
1.1408497529
62
3
3
3
62
1.12030977171
1.12030977171
62
3
3
3
62
1.06867098732
1.06867098732
62
3
3
3
62
1.1700799291
1.1700799291
62
3
3
3
62
1.15546220439
1.15546220439
62
3
3
3
62
1.14107600109
1.14107600109
62
3
3
3
62
1.14291831915
1.14291831915
62
3
3
3
62
1.13267405349
1.13267405349
62
3
3
3
62
1.16604277631
1.16604277631
62
3
3
3
62
1.08434270695
1.08434270695
62
3
3
3
62
1.1220081778
1.1220081778
62
3
3
3
62
1.15531525784
1.15531525784
62
3
3
3
62
1.10639876985
1.10639876985
62
3
3
3
62
1.16573147238
1.16573147238
62
3
3
3
62
1.09080537687
1.09080537687
62
3
3
3
62
1.19093529594
1.19093529594
62
3
3
3
62
1.10719126288
1.10719126288
62
3
3
3
62
1.13542978477
1.13542978477
62
3
3
3
62
1.16604277631
1.16604277631
62
3
3
3
62
1.22663747813
1.22663747813
62
3
3
3
62
1.11976404496
1.11976404496
62
3
3
3
62
1.1874960594
1.1874960594
62
3
3
3
62
1.15890414947
1.15890414947
62
3
3
3
62
1.11811231108
1.11811231108
62
3
3
3
62
1.11329925837
1.11329925837
1.09506939395
1.13332872947
1.06055360062
1.175864001
1.20631624132
1.13267405349
1.09614847403
1.12292864027
1.21493095462
1.17353660362
1.18894513038
1.13202390988
1.05714797208
1.16683430947
1.10820959062
1.19323967559
Average Lattice Cost:   17.80520058

Variance in lattice score:    0.578602945415

Minimum lattice score: 16.3047357973
  Maximum lattice score:  18.9188273811

Average number of pins per assembly:  6
Highest scoring Pin Lattice 
0  
0  0  
0  2  0  
0  0  2  2  
0  4  2  4  0  
0  2  2  0  0  0  
0  0  2  0  0  2  2  
0  3  2  2  2  2  2  3  
0  0  2  0  0  0  0  3  0  
0  0  0  0  0  0  0  0  0  0  

Worst Scoring Pin Lattice 
0  
0  0  
0  0  0  
0  0  6  4  
0  0  4  6  0  
0  5  4  0  0  0  
0  0  4  0  0  4  6  
0  3  0  4  3  6  0  5  
0  0  6  0  3  1  0  4  0  
0  0  0  0  0  0  0  0  0  0  




151
292
18.7158409537
['0', '0', '0', '0', '4', '5', '0', '0', '3', '4', '0', '6', '4', '4', '0', '0', '4', '3', '0', '0', '0', '0', '0', '5', '0', '0', '4', '6', '0', '4', '0', '4', '3', '6', '3', '4', '0', '0', '3', '0', '4', '4', '0', '4', '0', '0', '0', '0', '0', '0', '0', '0', '0', '0', '0']
18.9188273811
['0', '0', '0', '0', '2', '0', '0', '0', '2', '2', '0', '4', '2', '4', '0', '0', '2', '2', '0', '0', '0', '0', '0', '2', '0', '0', '2', '2', '0', '3', '2', '2', '2', '2', '2', '3', '0', '0', '2', '0', '0', '0', '0', '3', '0', '0', '0', '0', '0', '0', '0', '0', '0', '0', '0']
35
150
18.9188273811
['0', '0', '0', '0', '3', '5', '0', '0', '6', '5', '0', '4', '1', '5', '0', '0', '1', '4', '0', '0', '0', '0', '0', '3', '0', '0', '3', '5', '0', '4', '3', '1', '5', '4', '6', '1', '0', '0', '5', '0', '3', '1', '0', '5', '0', '0', '0', '0', '0', '0', '0', '0', '0', '0', '0']
16.7935236013
['0', '0', '0', '0', '3', '2', '0', '0', '5', '3', '0', '3', '5', '2', '0', '0', '1', '5', '0', '0', '0', '0', '0', '1', '0', '0', '6', '1', '0', '6', '4', '3', '3', '1', '3', '3', '0', '0', '1', '0', '1', '2', '0', '6', '0', '0', '0', '0', '0', '0', '0', '0', '0', '0', '0']
58
121
18.6219234296
['0', '0', '0', '0', '2', '0', '0', '0', '2', '1', '0', '1', '0', '4', '0', '0', '4', '2', '0', '0', '0', '0', '0', '1', '0', '0', '2', '0', '0', '1', '1', '6', '6', '6', '1', '5', '0', '0', '4', '0', '5', '1', '0', '6', '0', '0', '0', '0', '0', '0', '0', '0', '0', '0', '0']
18.9188273811
['0', '0', '0', '0', '4', '2', '0', '0', '6', '5', '0', '5', '2', '6', '0', '0', '6', '3', '0', '0', '0', '0', '0', '6', '0', '0', '5', '5', '0', '4', '0', '1', '4', '4', '3', '3', '0', '0', '5', '0', '6', '5', '0', '2', '0', '0', '0', '0', '0', '0', '0', '0', '0', '0', '0']
10
1
18.9188273811
['0', '0', '0', '0', '2', '3', '0', '0', '0', '3', '0', '1', '6', '1', '0', '0', '6', '3', '0', '0', '0', '0', '0', '2', '0', '0', '2', '3', '0', '0', '0', '4', '3', '3', '3', '2', '0', '0', '6', '0', '3', '0', '0', '3', '0', '0', '0', '0', '0', '0', '0', '0', '0', '0', '0']
18.2449421651
['0', '0', '0', '0', '6', '6', '0', '0', '6', '6', '0', '5', '0', '5', '0', '0', '2', '5', '0', '0', '0', '0', '0', '3', '0', '0', '2', '6', '0', '6', '0', '5', '6', '0', '0', '3', '0', '0', '5', '0', '6', '5', '0', '3', '0', '0', '0', '0', '0', '0', '0', '0', '0', '0', '0']
62
3
3
3
62
1.11976404496
1.11976404496
62
3
3
3
62
1.09506939395
1.09506939395
62
3
3
3
62
1.19572996449
1.19572996449
62
3
3
3
62
1.08493632426
1.08493632426
62
3
3
3
62
1.1109417552
1.1109417552
62
3
3
3
62
1.21493095462
1.21493095462
62
3
3
3
62
1.08722555387
1.08722555387
62
3
3
3
62
1.06055360062
1.06055360062
62
3
3
3
62
1.09167396504
1.09167396504
62
3
3
3
62
1.08493632426
1.08493632426
62
3
3
3
62
1.13899617367
1.13899617367
62
3
3
3
62
1.16950658963
1.16950658963
62
3
3
3
62
1.05714797208
1.05714797208
62
3
3
3
62
1.15531525784
1.15531525784
62
3
3
3
62
1.06867098732
1.06867098732
62
3
3
3
62
1.16471705946
1.16471705946
62
3
3
3
62
1.14070910892
1.14070910892
62
3
3
3
62
1.10798410956
1.10798410956
62
3
3
3
62
1.19093529594
1.19093529594
62
3
3
3
62
1.14070910892
1.14070910892
62
3
3
3
62
1.15890414947
1.15890414947
62
3
3
3
62
1.05714797208
1.05714797208
62
3
3
3
62
1.17353660362
1.17353660362
62
3
3
3
62
1.08434270695
1.08434270695
62
3
3
3
62
1.12832030942
1.12832030942
62
3
3
3
62
1.18031206965
1.18031206965
62
3
3
3
62
1.12292864027
1.12292864027
62
3
3
3
62
1.11866579322
1.11866579322
62
3
3
3
62
1.09976847045
1.09976847045
62
3
3
3
62
1.12571498049
1.12571498049
62
3
3
3
62
1.12564540771
1.12564540771
62
3
3
3
62
1.16683430947
1.16683430947
62
3
3
3
62
1.15981381959
1.15981381959
62
3
3
3
62
1.10809409856
1.10809409856
62
3
3
3
62
1.18793184214
1.18793184214
62
3
3
3
62
1.10946132593
1.10946132593
62
3
3
3
62
1.08673093784
1.08673093784
62
3
3
3
62
1.14023233443
1.14023233443
62
3
3
3
62
1.1700799291
1.1700799291
62
3
3
3
62
1.13267405349
1.13267405349
62
3
3
3
62
1.10719126288
1.10719126288
62
3
3
3
62
1.15034065045
1.15034065045
62
3
3
3
62
1.07594910206
1.07594910206
62
3
3
3
62
1.07261879755
1.07261879755
62
3
3
3
62
1.16683430947
1.16683430947
62
3
3
3
62
1.15034065045
1.15034065045
62
3
3
3
62
1.12628179912
1.12628179912
62
3
3
3
62
1.08719239098
1.08719239098
62
3
3
3
62
1.07485195328
1.07485195328
62
3
3
3
62
1.05714797208
1.05714797208
62
3
3
3
62
1.20631624132
1.20631624132
62
3
3
3
62
1.10798410956
1.10798410956
62
3
3
3
62
1.19623801624
1.19623801624
62
3
3
3
62
1.1408157285
1.1408157285
62
3
3
3
62
1.10553639937
1.10553639937
62
3
3
3
62
1.06585725576
1.06585725576
62
3
3
3
62
1.0686134836
1.0686134836
62
3
3
3
62
1.08904947626
1.08904947626
62
3
3
3
62
1.16604277631
1.16604277631
62
3
3
3
62
1.09541972213
1.09541972213
62
3
3
3
62
1.19623801624
1.19623801624
62
3
3
3
62
1.12832030942
1.12832030942
62
3
3
3
62
1.11811231108
1.11811231108
62
3
3
3
62
1.13267405349
1.13267405349
62
3
3
3
62
1.14023233443
1.14023233443
62
3
3
3
62
1.15981381959
1.15981381959
62
3
3
3
62
1.13899617367
1.13899617367
62
3
3
3
62
1.10820959062
1.10820959062
62
3
3
3
62
1.06585725576
1.06585725576
62
3
3
3
62
1.1874960594
1.1874960594
62
3
3
3
62
1.15921348416
1.15921348416
62
3
3
3
62
1.14310114993
1.14310114993
62
3
3
3
62
1.08904947626
1.08904947626
62
3
3
3
62
1.09771491435
1.09771491435
62
3
3
3
62
1.10809409856
1.10809409856
62
3
3
3
62
1.175864001
1.175864001
62
3
3
3
62
1.10820959062
1.10820959062
62
3
3
3
62
1.13592490826
1.13592490826
62
3
3
3
62
1.12817099104
1.12817099104
62
3
3
3
62
1.19623801624
1.19623801624
62
3
3
3
62
1.18031206965
1.18031206965
62
3
3
3
62
1.09976847045
1.09976847045
62
3
3
3
62
1.09976847045
1.09976847045
62
3
3
3
62
1.1109417552
1.1109417552
62
3
3
3
62
1.1319452699
1.1319452699
62
3
3
3
62
1.16921779677
1.16921779677
62
3
3
3
62
1.1389780985
1.1389780985
62
3
3
3
62
1.18793184214
1.18793184214
62
3
3
3
62
1.1220081778
1.1220081778
62
3
3
3
62
1.14310114993
1.14310114993
62
3
3
3
62
1.09167396504
1.09167396504
62
3
3
3
62
1.10798410956
1.10798410956
62
3
3
3
62
1.10639876985
1.10639876985
62
3
3
3
62
1.14310114993
1.14310114993
62
3
3
3
62
1.12571498049
1.12571498049
62
3
3
3
62
1.13542978477
1.13542978477
62
3
3
3
62
1.19093529594
1.19093529594
62
3
3
3
62
1.09080537687
1.09080537687
62
3
3
3
62
1.16683430947
1.16683430947
62
3
3
3
62
1.06867098732
1.06867098732
62
3
3
3
62
1.19323967559
1.19323967559
62
3
3
3
62
1.17265485448
1.17265485448
62
3
3
3
62
1.06055360062
1.06055360062
62
3
3
3
62
1.16604277631
1.16604277631
62
3
3
3
62
1.09301863074
1.09301863074
62
3
3
3
62
1.1081384028
1.1081384028
62
3
3
3
62
1.1681845286
1.1681845286
62
3
3
3
62
1.07400291251
1.07400291251
62
3
3
3
62
1.14310114993
1.14310114993
62
3
3
3
62
1.15034065045
1.15034065045
62
3
3
3
62
1.07400291251
1.07400291251
62
3
3
3
62
1.20631624132
1.20631624132
62
3
3
3
62
1.13231992887
1.13231992887
62
3
3
3
62
1.1389780985
1.1389780985
62
3
3
3
62
1.11773543584
1.11773543584
62
3
3
3
62
1.14164990714
1.14164990714
62
3
3
3
62
1.15034065045
1.15034065045
62
3
3
3
62
1.10639876985
1.10639876985
62
3
3
3
62
1.07594910206
1.07594910206
62
3
3
3
62
1.15546220439
1.15546220439
62
3
3
3
62
1.16921779677
1.16921779677
62
3
3
3
62
1.11329925837
1.11329925837
62
3
3
3
62
1.18793184214
1.18793184214
62
3
3
3
62
1.13332872947
1.13332872947
62
3
3
3
62
1.13899617367
1.13899617367
62
3
3
3
62
1.13231992887
1.13231992887
62
3
3
3
62
1.14070910892
1.14070910892
62
3
3
3
62
1.12030977171
1.12030977171
62
3
3
3
62
1.17353660362
1.17353660362
62
3
3
3
62
1.10820959062
1.10820959062
62
3
3
3
62
1.13321754236
1.13321754236
62
3
3
3
62
1.07261879755
1.07261879755
62
3
3
3
62
1.10809409856
1.10809409856
62
3
3
3
62
1.1822707543
1.1822707543
62
3
3
3
62
1.14052588791
1.14052588791
62
3
3
3
62
1.0686134836
1.0686134836
62
3
3
3
62
1.15531525784
1.15531525784
62
3
3
3
62
1.09314278972
1.09314278972
62
3
3
3
62
1.11773543584
1.11773543584
62
3
3
3
62
1.1335904846
1.1335904846
62
3
3
3
62
1.18111247424
1.18111247424
62
3
3
3
62
1.16604277631
1.16604277631
62
3
3
3
62
1.12030977171
1.12030977171
62
3
3
3
62
1.12292864027
1.12292864027
1.06055360062
1.1822707543
1.0686134836
1.12817099104
1.09583323774
1.07485195328
1.09619421202
1.0686134836
1.09528420821
1.09541972213
1.16604277631
1.14023233443
1.11212298294
1.13899617367
1.1319452699
1.15033784903
Average Lattice Cost:   17.9522790995

Variance in lattice score:    0.56508362835

Minimum lattice score: 16.4618408347
  Maximum lattice score:  18.9188273811

Average number of pins per assembly:  6
Highest scoring Pin Lattice 
0  
0  0  
0  2  0  
0  0  2  2  
0  4  2  4  0  
0  2  2  0  0  0  
0  0  2  0  0  2  2  
0  3  2  2  2  2  2  3  
0  0  2  0  0  0  0  3  0  
0  0  0  0  0  0  0  0  0  0  

Worst Scoring Pin Lattice 
0  
0  0  
0  1  6  
0  0  6  4  
0  4  1  3  0  
0  6  4  0  0  0  
0  0  3  0  0  3  6  
0  4  1  1  6  3  3  4  
0  0  3  0  5  2  0  3  0  
0  0  0  0  0  0  0  0  0  0  




192
65
17.3861542598
['0', '0', '0', '0', '2', '2', '0', '0', '4', '5', '0', '2', '1', '5', '0', '0', '2', '2', '0', '0', '0', '0', '0', '2', '0', '0', '2', '1', '0', '0', '4', '0', '5', '5', '1', '1', '0', '0', '1', '0', '5', '2', '0', '2', '0', '0', '0', '0', '0', '0', '0', '0', '0', '0', '0']
18.9188273811
['0', '0', '0', '0', '4', '4', '0', '0', '5', '2', '0', '4', '5', '1', '0', '0', '3', '4', '0', '0', '0', '0', '0', '0', '0', '0', '5', '3', '0', '2', '3', '2', '2', '4', '5', '4', '0', '0', '5', '0', '2', '2', '0', '5', '0', '0', '0', '0', '0', '0', '0', '0', '0', '0', '0']
151
216
18.9188273811
['0', '0', '0', '0', '4', '4', '0', '0', '1', '5', '0', '1', '6', '0', '0', '0', '6', '6', '0', '0', '0', '0', '0', '1', '0', '0', '4', '4', '0', '1', '6', '0', '1', '6', '0', '1', '0', '0', '0', '0', '0', '4', '0', '1', '0', '0', '0', '0', '0', '0', '0', '0', '0', '0', '0']
18.1856459222
['0', '0', '0', '0', '6', '6', '0', '0', '0', '6', '0', '0', '6', '0', '0', '0', '6', '6', '0', '0', '0', '0', '0', '6', '0', '0', '1', '0', '0', '6', '6', '5', '1', '1', '0', '6', '0', '0', '6', '0', '0', '1', '0', '6', '0', '0', '0', '0', '0', '0', '0', '0', '0', '0', '0']
110
113
18.7158409537
['0', '0', '0', '0', '5', '1', '0', '0', '5', '5', '0', '3', '5', '1', '0', '0', '0', '5', '0', '0', '0', '0', '0', '3', '0', '0', '3', '3', '0', '5', '4', '4', '5', '1', '3', '5', '0', '0', '1', '0', '5', '4', '0', '2', '0', '0', '0', '0', '0', '0', '0', '0', '0', '0', '0']
18.9188273811
['0', '0', '0', '0', '3', '5', '0', '0', '3', '6', '0', '4', '4', '3', '0', '0', '3', '5', '0', '0', '0', '0', '0', '4', '0', '0', '5', '3', '0', '3', '4', '0', '4', '5', '3', '4', '0', '0', '3', '0', '3', '2', '0', '3', '0', '0', '0', '0', '0', '0', '0', '0', '0', '0', '0']
125
44
18.9188273811
['0', '0', '0', '0', '3', '2', '0', '0', '2', '3', '0', '2', '4', '4', '0', '0', '2', '1', '0', '0', '0', '0', '0', '3', '0', '0', '1', '2', '0', '4', '1', '0', '3', '3', '0', '4', '0', '0', '6', '0', '2', '3', '0', '6', '0', '0', '0', '0', '0', '0', '0', '0', '0', '0', '0']
18.8580756203
['0', '0', '0', '0', '3', '3', '0', '0', '3', '6', '0', '3', '1', '6', '0', '0', '2', '2', '0', '0', '0', '0', '0', '2', '0', '0', '1', '3', '0', '3', '3', '3', '2', '2', '3', '2', '0', '0', '3', '0', '6', '6', '0', '5', '0', '0', '0', '0', '0', '0', '0', '0', '0', '0', '0']
97
1
18.9188273811
['0', '0', '0', '0', '3', '2', '0', '0', '2', '3', '0', '2', '4', '4', '0', '0', '2', '1', '0', '0', '0', '0', '0', '3', '0', '0', '1', '2', '0', '4', '1', '0', '3', '3', '0', '4', '0', '0', '6', '0', '2', '3', '0', '6', '0', '0', '0', '0', '0', '0', '0', '0', '0', '0', '0']
18.2509521625
['0', '0', '0', '0', '4', '2', '0', '0', '1', '1', '0', '6', '3', '2', '0', '0', '3', '1', '0', '0', '0', '0', '0', '0', '0', '0', '2', '5', '0', '6', '1', '2', '4', '6', '1', '2', '0', '0', '5', '0', '0', '1', '0', '4', '0', '0', '0', '0', '0', '0', '0', '0', '0', '0', '0']
55
11
16.9165987801
['0', '0', '0', '0', '6', '5', '0', '0', '5', '5', '0', '6', '2', '3', '0', '0', '0', '6', '0', '0', '0', '0', '0', '2', '0', '0', '4', '0', '0', '6', '6', '5', '4', '4', '2', '2', '0', '0', '6', '0', '3', '3', '0', '2', '0', '0', '0', '0', '0', '0', '0', '0', '0', '0', '0']
18.9188273811
['0', '0', '0', '0', '5', '2', '0', '0', '3', '0', '0', '3', '0', '2', '0', '0', '3', '2', '0', '0', '0', '0', '0', '5', '0', '0', '0', '0', '0', '5', '0', '0', '2', '2', '3', '6', '0', '0', '2', '0', '2', '2', '0', '3', '0', '0', '0', '0', '0', '0', '0', '0', '0', '0', '0']
18
53
18.9188273811
['0', '0', '0', '0', '4', '1', '0', '0', '5', '4', '0', '4', '2', '0', rm: cannot remove ‘info-dat*’: No such file or directory
rm: cannot remove ‘error-dat*’: No such file or directory
44083[].rdfmg.cm.cluster
44084[].rdfmg.cm.cluster
44085[].rdfmg.cm.cluster
44086[].rdfmg.cm.cluster
44087[].rdfmg.cm.cluster
44088[].rdfmg.cm.cluster
44089[].rdfmg.cm.cluster
44090[].rdfmg.cm.cluster
'0', '0', '0', '2', '0', '0', '0', '0', '0', '3', '0', '0', '0', '5', '0', '0', '3', '3', '6', '5', '5', '4', '0', '0', '4', '0', '6', '5', '0', '5', '0', '0', '0', '0', '0', '0', '0', '0', '0', '0', '0']
18.8580756203
['0', '0', '0', '0', '5', '5', '0', '0', '1', '1', '0', '5', '1', '4', '0', '0', '4', '2', '0', '0', '0', '0', '0', '0', '0', '0', '2', '1', '0', '5', '4', '4', '4', '3', '2', '3', '0', '0', '5', '0', '0', '3', '0', '0', '0', '0', '0', '0', '0', '0', '0', '0', '0', '0', '0']
62
3
3
3
62
1.1109417552
1.1109417552
62
3
3
3
62
1.1389780985
1.1389780985
62
3
3
3
62
1.13231992887
1.13231992887
62
3
3
3
62
1.15034065045
1.15034065045
62
3
3
3
62
1.16683430947
1.16683430947
62
3
3
3
62
1.06055360062
1.06055360062
62
3
3
3
62
1.14310114993
1.14310114993
62
3
3
3
62
1.09167396504
1.09167396504
62
3
3
3
62
1.10820959062
1.10820959062
62
3
3
3
62
1.18793184214
1.18793184214
62
3
3
3
62
1.17353660362
1.17353660362
62
3
3
3
62
1.09301863074
1.09301863074
62
3
3
3
62
1.16604277631
1.16604277631
62
3
3
3
62
1.10798410956
1.10798410956
62
3
3
3
62
1.1319452699
1.1319452699
62
3
3
3
62
1.08904947626
1.08904947626
62
3
3
3
62
1.07261879755
1.07261879755
62
3
3
3
62
1.09528420821
1.09528420821
62
3
3
3
62
1.1319452699
1.1319452699
62
3
3
3
62
1.16471705946
1.16471705946
62
3
3
3
62
1.12817099104
1.12817099104
62
3
3
3
62
1.14070910892
1.14070910892
62
3
3
3
62
1.09619421202
1.09619421202
62
3
3
3
62
1.09167396504
1.09167396504
62
3
3
3
62
1.16604277631
1.16604277631
62
3
3
3
62
1.19572996449
1.19572996449
62
3
3
3
62
1.09541972213
1.09541972213
62
3
3
3
62
1.06867098732
1.06867098732
62
3
3
3
62
1.13899617367
1.13899617367
62
3
3
3
62
1.06055360062
1.06055360062
62
3
3
3
62
1.10553639937
1.10553639937
62
3
3
3
62
1.12817099104
1.12817099104
62
3
3
3
62
1.175864001
1.175864001
62
3
3
3
62
1.13592490826
1.13592490826
62
3
3
3
62
1.09314278972
1.09314278972
62
3
3
3
62
1.16604277631
1.16604277631
62
3
3
3
62
1.13332872947
1.13332872947
62
3
3
3
62
1.1109417552
1.1109417552
62
3
3
3
62
1.1874960594
1.1874960594
62
3
3
3
62
1.12571498049
1.12571498049
62
3
3
3
62
1.07400291251
1.07400291251
62
3
3
3
62
1.14310114993
1.14310114993
62
3
3
3
62
1.09080537687
1.09080537687
62
3
3
3
62
1.18031206965
1.18031206965
62
3
3
3
62
1.10820959062
1.10820959062
62
3
3
3
62
1.14023233443
1.14023233443
62
3
3
3
62
1.18793184214
1.18793184214
62
3
3
3
62
1.15531525784
1.15531525784
62
3
3
3
62
1.10798410956
1.10798410956
62
3
3
3
62
1.09583323774
1.09583323774
62
3
3
3
62
1.12832030942
1.12832030942
62
3
3
3
62
1.07594910206
1.07594910206
62
3
3
3
62
1.20631624132
1.20631624132
62
3
3
3
62
1.08493632426
1.08493632426
62
3
3
3
62
1.05714797208
1.05714797208
62
3
3
3
62
1.0686134836
1.0686134836
62
3
3
3
62
1.12832030942
1.12832030942
62
3
3
3
62
1.10639876985
1.10639876985
62
3
3
3
62
1.10820959062
1.10820959062
62
3
3
3
62
1.07261879755
1.07261879755
62
3
3
3
62
1.0686134836
1.0686134836
62
3
3
3
62
1.08493632426
1.08493632426
62
3
3
3
62
1.06055360062
1.06055360062
62
3
3
3
62
1.10809409856
1.10809409856
62
3
3
3
62
1.14070910892
1.14070910892
62
3
3
3
62
1.08904947626
1.08904947626
62
3
3
3
62
1.1335904846
1.1335904846
62
3
3
3
62
1.12832030942
1.12832030942
62
3
3
3
62
1.19093529594
1.19093529594
62
3
3
3
62
1.12564540771
1.12564540771
62
3
3
3
62
1.10798410956
1.10798410956
62
3
3
3
62
1.1319452699
1.1319452699
62
3
3
3
62
1.10639876985
1.10639876985
62
3
3
3
62
1.17353660362
1.17353660362
62
3
3
3
62
1.1408157285
1.1408157285
62
3
3
3
62
1.19093529594
1.19093529594
62
3
3
3
62
1.07594910206
1.07594910206
62
3
3
3
62
1.10809409856
1.10809409856
62
3
3
3
62
1.20631624132
1.20631624132
62
3
3
3
62
1.15981381959
1.15981381959
62
3
3
3
62
1.06055360062
1.06055360062
62
3
3
3
62
1.08493632426
1.08493632426
62
3
3
3
62
1.13899617367
1.13899617367
62
3
3
3
62
1.06055360062
1.06055360062
62
3
3
3
62
1.17353660362
1.17353660362
62
3
3
3
62
1.05714797208
1.05714797208
62
3
3
3
62
1.13321754236
1.13321754236
62
3
3
3
62
1.15981381959
1.15981381959
62
3
3
3
62
1.09506939395
1.09506939395
62
3
3
3
62
1.06867098732
1.06867098732
62
3
3
3
62
1.09541972213
1.09541972213
62
3
3
3
62
1.09976847045
1.09976847045
62
3
3
3
62
1.1681845286
1.1681845286
62
3
3
3
62
1.07485195328
1.07485195328
62
3
3
3
62
1.15034065045
1.15034065045
62
3
3
3
62
1.11212298294
1.11212298294
62
3
3
3
62
1.13899617367
1.13899617367
62
3
3
3
62
1.1081384028
1.1081384028
62
3
3
3
62
1.1822707543
1.1822707543
62
3
3
3
62
1.13267405349
1.13267405349
62
3
3
3
62
1.10946132593
1.10946132593
62
3
3
3
62
1.08434270695
1.08434270695
62
3
3
3
62
1.15531525784
1.15531525784
62
3
3
3
62
1.0686134836
1.0686134836
62
3
3
3
62
1.14023233443
1.14023233443
62
3
3
3
62
1.19623801624
1.19623801624
62
3
3
3
62
1.11976404496
1.11976404496
62
3
3
3
62
1.14310114993
1.14310114993
62
3
3
3
62
1.11811231108
1.11811231108
62
3
3
3
62
1.18793184214
1.18793184214
62
3
3
3
62
1.1109417552
1.1109417552
62
3
3
3
62
1.1822707543
1.1822707543
Traceback (most recent call last):
  File "mustang.py", line 186, in <module>
    casmo_functions.evaluate_bundles(batch_size,generation,population)
  File "/home/others/bdander3/Casmo/project_Cancun/full_bundle/single_zone/full_run/casmo_functions.py", line 296, in evaluate_bundles
    finish = time.clock()
KeyboardInterrupt
