7.58791602302       1.12649231812       0.948336893156      
7.58791602302       1.12649231812       0.948336893156      
10.5746829664       1.11871875299       0.976970886679      
10.5746829664       1.11871875299       0.976970886679      
16.4563019493       1.07784947465       1.07099164719       
18.4352824134       1.08487624716       1.05413008519       
18.4352824134       1.08487624716       1.05413008519       
18.4352824134       1.08487624716       1.05413008519       
18.4352824134       1.08487624716       1.05413008519       
18.4352824134       1.08487624716       1.05413008519       
18.4352824134       1.08487624716       1.05413008519       
18.4352824134       1.08487624716       1.05413008519       
18.4352824134       1.08487624716       1.05413008519       
18.44282687         1.08443245393       1.05443643931       
18.8182355672       1.06279889677       1.04705860307       
18.8182355672       1.06279889677       1.04705860307       
18.8182355672       1.06279889677       1.04705860307       
18.8182355672       1.06279889677       1.04705860307       
18.8696042879       1.05990563951       1.05192933409       
18.8696042879       1.05990563951       1.05192933409       
18.8803284506       1.05930360546       1.04823468819       
18.8803284506       1.05930360546       1.04823468819       
18.8868144526       1.05893982546       1.04909423226       
18.887345291        1.05891006343       1.04792327633       
18.887786595        1.0588853225        1.0493165376        
