18.1637603063       1.06378626848       1.04362991211       
18.7714898327       1.06544553353       1.05254026456       
18.8752332735       1.05958955369       1.0541939612        
18.8724846757       1.05974387282       1.05079086224       
18.0379747064       1.06562819392       1.04269702513       
18.8833936461       1.05913165689       1.04868663093       
18.8544256332       1.06075891088       1.0501016362        
18.8544256332       1.06075891088       1.0501016362        
18.8544256332       1.06075891088       1.0501016362        
18.8544256332       1.06075891088       1.0501016362        
18.822396202        1.06256396823       1.04647724884       
18.8351107748       1.0618466883        1.04817251076       
18.8351107748       1.0618466883        1.04817251076       
18.8351107748       1.0618466883        1.04817251076       
18.8351107748       1.0618466883        1.0484684655        
18.8570360338       1.06061206884       1.04969835566       
18.8571075707       1.06060804527       1.0496873097        
18.8672049487       1.06004042752       1.05156688936       
18.8672049487       1.06004042752       1.05151412136       
18.3360215267       1.09074915574       1.05125219904       
18.887345291        1.05891006343       1.04792327633       
18.8688172813       1.05994984751       1.05252514263       
18.8675344092       1.06002191734       1.05118921956       
18.887786595        1.0588853225        1.0493165376        
18.8544256332       1.06075891088       1.0501016362        
18.8544256332       1.06075891088       1.0501016362        
18.8544256332       1.06075891088       1.0501016362        
18.8544256332       1.06075891088       1.0501016362        
18.8803284506       1.05930360546       1.04823468819       
16.311796604        1.05249530145       1.07690663523       
16.1715354597       1.07626439548       1.07411258958       
18.8624080392       1.06031000699       1.05120621674       
18.8624080392       1.06031000699       1.05129553224       
18.8624080392       1.06031000699       1.05119767645       
18.8149285732       1.06298569895       1.04577486286       
18.8600959327       1.06043999306       1.0474406134        
18.8868144526       1.05893982546       1.04909423226       
18.8672049487       1.06004042752       1.05156688936       
18.8672049487       1.06004042752       1.05151412136       
18.8424560424       1.06143275351       1.0493281878        
18.8494968321       1.06103628007       1.0499338663        
18.862585363        1.06030003921       1.05086885185       
18.8628679946       1.06028415222       1.04961050961       
18.8853971827       1.05901929446       1.04861286486       
18.8558023516       1.06068146171       1.05024793263       
18.8558023516       1.06068146171       1.05024793263       
